# steps     Énergie totale     Température     Volume
0 -161264.9929 301.8491 658503.0000
5000 -164635.3130 302.4351 613759.8516
10000 -164861.2292 303.2130 610279.2706
15000 -165111.7841 300.8095 612307.3700
20000 -165034.1193 303.0113 611142.9034
25000 -165166.1926 301.8849 610147.3439
30000 -164777.5028 303.9514 610972.6864
35000 -164989.8140 302.6380 609876.7026
40000 -165240.7681 300.8193 610953.7434
45000 -164797.2271 300.8015 612399.2784
50000 -165162.4697 301.5248 609957.6998
55000 -164717.0326 303.9376 609276.2320
60000 -164489.1117 302.0112 610357.9478
65000 -164939.3818 302.9633 611711.4675
70000 -164653.9620 302.3798 610734.2173
75000 -165032.6783 303.4231 608989.8045
80000 -165199.7620 302.2975 613148.6153
85000 -164922.1265 303.3299 610699.2749
90000 -164591.0892 300.9368 613302.3933
95000 -164881.9535 303.4518 609435.1810
100000 -165033.0149 301.2029 611791.7124
105000 -164589.2595 302.8324 613053.9467
110000 -164966.9788 300.0468 612399.4650
115000 -165092.2615 302.2013 613834.3009
120000 -164778.9393 302.2140 612679.6058
125000 -165337.7968 299.5191 610311.7902
130000 -164963.9584 303.2299 611002.4431
135000 -164902.0647 304.4898 610793.0136
140000 -165112.1801 302.5596 610515.1507
145000 -164988.2394 301.1426 611315.7348
150000 -164962.6999 301.2933 611304.2274
155000 -164596.7834 303.9800 613608.6954
160000 -165104.6887 302.2801 613763.4529
165000 -165032.6185 303.0679 609600.4391
170000 -164560.2025 303.7579 613098.6223
175000 -164715.0158 301.2385 610587.9882
180000 -165137.0910 301.1682 613122.1210
185000 -164878.7316 301.8189 609660.5949
190000 -164832.0392 301.5826 611357.7011
195000 -164955.3498 302.5590 611726.7853
200000 -164612.3866 304.4178 610589.2431
205000 -164964.2384 303.9741 610238.2732
210000 -164775.8960 302.9742 609752.3036
215000 -165003.8165 300.2982 610135.7203
220000 -164950.3205 302.5268 612192.9556
225000 -165253.5203 301.8887 610916.5798
230000 -165092.7717 303.1514 609438.3415
235000 -164844.2120 301.5707 613112.7607
240000 -164729.7610 303.3705 610462.8520
245000 -164866.9566 304.0718 611888.0192
250000 -164834.6424 304.5050 610430.9350
255000 -164595.2776 302.9379 611646.9557
260000 -164497.3859 304.0818 610133.2818
265000 -164990.1994 301.9428 612379.8492
270000 -164563.0228 304.1941 611630.1555
275000 -164930.9434 303.0643 610670.1932
280000 -165048.3787 300.5697 610970.1401
285000 -164839.6841 301.6053 611746.1146
290000 -164704.1094 303.7820 611547.6367
295000 -165168.5685 301.5262 608938.5086
300000 -164459.6173 302.8687 612362.3623
305000 -165307.8405 302.2499 608177.2409
310000 -165243.6596 304.1103 609507.4417
315000 -165215.1058 302.1538 611177.6335
320000 -164953.0637 303.0693 609007.8173
325000 -165339.0614 302.7283 610668.4083
330000 -165033.6776 304.4913 612766.6587
335000 -165219.8625 303.0220 610265.3443
340000 -164970.0360 301.3062 609281.0167
345000 -165139.2304 302.5585 611026.4979
350000 -165059.8629 302.8606 609808.7482
355000 -164948.6960 304.1113 608592.2306
360000 -164838.0899 300.6712 612149.6957
365000 -165003.5365 303.7479 610500.3317
370000 -164604.5037 304.2480 611227.1493
375000 -165696.0159 300.7200 611063.5483
380000 -165154.3399 302.0905 611374.4101
385000 -164964.6071 302.3487 610399.4572
390000 -164749.6666 302.2081 611936.8212
395000 -164979.2267 302.2392 609966.1964
400000 -164721.2348 303.7514 612136.5474
405000 -165029.0689 301.7864 610103.2297
410000 -164955.7763 301.5127 612240.7545
415000 -165050.4315 303.0523 611703.5751
420000 -164966.4321 304.1505 609345.1019
425000 -164629.9530 302.9868 610740.1739
430000 -165046.6233 304.0919 611584.4462
435000 -164848.9390 302.0701 611608.0584
440000 -165049.9049 302.3525 610401.9082
445000 -164992.7935 302.2848 613018.7062
450000 -164723.9857 303.4034 612401.6196
455000 -165007.2069 302.6930 610604.1475
460000 -165026.8246 301.7525 610665.4183
465000 -165158.4730 300.7092 611858.4173
470000 -164480.0396 302.6829 611918.6712
475000 -164830.7493 303.1861 610466.4950
480000 -164892.1782 302.8649 610838.7889
485000 -164756.2086 300.3175 613096.8024
490000 -164914.7969 300.6713 613582.3415
495000 -164769.6369 304.2880 609994.9741
500000 -165352.8255 301.2815 612392.9103
1000000 -165354.1121 301.2711 612392.9103
1005000 -165358.4999 301.7139 609893.1793
1010000 -165237.8354 299.8912 611972.7482
1015000 -165029.9840 302.9193 611011.6459
1020000 -164728.1426 302.5856 610204.1716
1025000 -165172.9216 302.5518 609135.8112
1030000 -165169.7559 301.9159 611441.4164
1035000 -165321.6698 301.1797 612087.4132
1040000 -164852.7036 303.0522 610649.4871
1045000 -165440.6004 301.7690 608494.5747
1050000 -165483.3562 301.4750 610425.9567
1055000 -165333.4224 301.0541 610734.3088
1060000 -164627.4749 302.1354 611640.8382
1065000 -164718.9358 302.1340 612188.7163
1070000 -165068.8606 301.4577 609751.9848
1075000 -165082.8204 300.4128 611974.5393
1080000 -164437.8426 304.3176 612458.2463
1085000 -165249.4395 303.3332 610199.6740
1090000 -164896.1655 300.5485 609489.7613
1095000 -164859.6305 302.1931 611523.0543
1100000 -164945.2238 303.8488 609082.8584
1105000 -164969.9550 303.2835 609379.4537
1110000 -165131.4208 302.1692 610655.2572
1115000 -164570.4655 305.2454 611504.7451
1120000 -164673.6334 303.1624 611132.1441
1125000 -165126.8933 302.3291 610997.3938
1130000 -165799.4600 300.6581 609451.2792
1135000 -164600.9164 303.1779 611196.8363
1140000 -164706.6319 300.4872 611635.3905
1145000 -165317.0588 300.6028 610994.9512
1150000 -165087.0981 300.0188 612628.0584
1155000 -165158.0030 300.1531 609969.0793
1160000 -164954.4461 303.2533 608372.9969
1165000 -164903.6491 301.9662 610964.6740
1170000 -164721.7636 302.1519 610974.1095
1175000 -164657.6568 303.4323 611413.7556
1180000 -164888.1753 301.5802 611051.1803
1185000 -165363.2710 301.2265 611239.6713
1190000 -165195.5813 301.4312 609949.8562
1195000 -165261.1554 303.3060 610114.6796
1200000 -164971.7814 300.6476 609990.2332
1205000 -164699.3937 304.0883 611272.5389
1210000 -165193.9965 300.3412 610812.9622
1215000 -164836.1288 303.2328 610643.7523
1220000 -165519.4477 300.3547 611175.5084
1225000 -165220.3607 300.6231 611529.0654
1230000 -165314.9578 302.4712 609402.7221
1235000 -164606.9541 305.4200 612173.5820
1240000 -165051.2275 304.0769 610587.8342
1245000 -164783.5798 304.3362 609172.7241
1250000 -164982.3664 303.0527 610137.3032
1255000 -165440.1162 301.6397 609706.9423
1260000 -165235.3872 303.6707 610495.5216
1265000 -165345.6579 301.6465 610644.6378
1270000 -165269.2821 302.0849 612060.7625
1275000 -164745.3024 302.4955 610053.0580
1280000 -164949.1495 303.1218 610499.4126
1285000 -165008.3622 302.8403 611240.6663
1290000 -165005.6078 302.5369 611164.6641
1295000 -164862.6007 302.8508 612723.2229
1300000 -165397.6079 301.1566 611283.2237
1305000 -165472.5881 301.6962 609626.3958
1310000 -165076.3761 303.2770 611542.8405
1315000 -164706.3589 301.5651 611964.8573
1320000 -164946.7661 303.4361 611326.8705
1325000 -165166.2350 302.2284 609583.6901
1330000 -165233.5470 300.5148 610335.7691
1335000 -164898.2434 301.2429 610000.7181
1340000 -165395.7978 301.8984 610303.9789
1345000 -164574.9328 302.4055 612432.9924
1350000 -165106.3068 302.8486 612112.5722
1355000 -165027.4971 302.3267 611288.1110
1360000 -164948.1835 302.6921 610685.6406
1365000 -164815.1960 303.4957 611991.6762
1370000 -165492.6392 302.8318 609866.6809
1375000 -165025.2751 300.8121 611967.2255
1380000 -165336.8615 302.0588 609675.4393
1385000 -165181.4818 301.3423 609542.0007
1390000 -164849.1020 303.1598 611167.8187
1395000 -165603.2633 300.3821 609892.7956
1400000 -164820.7750 303.3015 612663.7103
1405000 -164785.8253 302.5363 611467.1093
1410000 -165186.3490 303.1692 610200.6207
1415000 -165227.0110 302.3408 611105.8189
1420000 -165064.3574 303.3539 609509.8979
1425000 -165109.7883 304.4424 610825.1407
1430000 -165075.6904 302.0896 611918.1187
1435000 -165173.6952 301.2972 609437.5975
1440000 -164866.2225 303.4341 609329.3847
1445000 -165151.6215 303.6439 612972.0482
1450000 -164501.4602 304.2877 610436.5421
1455000 -165607.2575 300.5141 609899.2953
1460000 -165008.2082 304.0933 608795.1809
1465000 -164620.7481 305.7331 611024.3087
1470000 -165413.5186 302.2752 610518.1558
1475000 -164303.7013 304.1428 612328.5251
1480000 -164651.4128 303.1453 612329.4667
1485000 -165179.5393 301.6544 612468.5431
1490000 -164937.0367 301.3099 612029.5804
1495000 -165342.2904 302.3307 611283.2094
1500000 -165234.2259 301.6566 609702.5257
2000000 -165235.3523 301.6475 609702.5257
2005000 -165342.2958 303.7904 610784.7037
2010000 -165138.0903 302.7691 611632.5384
2015000 -165133.8231 303.3763 610040.0307
2020000 -165492.7846 300.6033 609476.2405
2025000 -164397.4592 304.3212 612277.6298
2030000 -164596.2420 302.2825 611578.5822
2035000 -165343.0776 302.1894 610068.7176
2040000 -165225.5954 301.6758 610448.0171
2045000 -165110.8855 301.8696 612460.4205
2050000 -165335.5323 302.9416 610441.5415
2055000 -164950.5221 304.5902 609843.7363
2060000 -165213.2119 301.0191 611930.8369
2065000 -165088.6151 303.5225 610684.7638
2070000 -165384.9513 302.8300 609746.3521
2075000 -164828.3748 302.2286 609863.5431
2080000 -164962.2996 303.5094 610282.1653
2085000 -165349.2916 301.4013 613500.1603
2090000 -165345.2363 301.6767 611260.1383
2095000 -165212.6052 301.8388 611185.9931
2100000 -164806.3593 303.9992 609359.9626
2105000 -165503.5069 300.1065 609447.8442
2110000 -165053.6866 301.9413 610677.0061
2115000 -165191.8381 302.0403 611231.0014
2120000 -165061.6781 303.4995 611682.3638
2125000 -165174.6359 301.3560 611156.8048
2130000 -165403.5987 300.7556 611514.1349
2135000 -165083.6995 302.1786 609514.3031
2140000 -164813.1122 303.0291 609922.5337
2145000 -164800.6230 302.5364 612931.5380
2150000 -165131.2696 301.1031 611771.8622
2155000 -165261.7165 302.5488 610336.6904
2160000 -164837.4297 302.7217 611469.2181
2165000 -165028.7297 303.1696 612362.2251
2170000 -164821.8319 302.1612 612827.8590
2175000 -164553.9771 303.3130 610446.0714
2180000 -164747.8457 302.3570 611995.6523
2185000 -165309.8037 301.3157 610769.0127
2190000 -165039.0003 303.1854 611142.0510
2195000 -165161.2370 301.9012 612664.6849
2200000 -165275.6397 300.2954 611211.4405
2205000 -164937.5609 303.9285 612444.8326
2210000 -165294.8631 301.7395 611306.5468
2215000 -165224.0828 303.0429 610184.1077
2220000 -164763.9857 302.8895 614319.6924
2225000 -165137.9838 301.6448 612732.7124
2230000 -164840.5876 303.3453 614994.8560
2235000 -165174.3638 302.6844 609507.9192
2240000 -165089.7036 301.5582 610215.7065
2245000 -165011.5252 302.4397 610735.7685
2250000 -165018.5622 302.1475 609916.1341
2255000 -165072.0734 302.7595 610790.4685
2260000 -164870.1738 304.1148 611174.6469
2265000 -164986.4442 303.1843 610933.5777
2270000 -165248.7169 300.8732 611237.4389
2275000 -165014.9047 300.9838 611374.3876
2280000 -165229.0427 301.7626 609768.7861
2285000 -165433.6213 300.6079 610234.9369
2290000 -164999.4529 302.0189 612064.2198
2295000 -164828.7805 302.3049 611288.3126
2300000 -164580.0576 304.3775 609744.3046
2305000 -164474.9254 305.1308 612485.0539
2310000 -164799.1623 302.9535 613918.4679
2315000 -164670.5209 305.4305 611283.4447
2320000 -164981.4726 302.8629 611579.6190
2325000 -165239.8910 301.9496 611281.4650
2330000 -165181.4894 304.7135 607975.0454
2335000 -164812.6719 302.4376 611393.3601
2340000 -165721.0588 298.9730 610120.3316
2345000 -164708.3411 304.7130 609407.1431
2350000 -164970.6920 303.4055 611202.2928
2355000 -165462.7641 300.1338 610761.1729
2360000 -165526.1678 300.6390 609028.4743
2365000 -164527.6292 303.5984 612301.4889
2370000 -165084.3328 303.2970 610906.1830
2375000 -165045.9317 302.7098 610026.9250
2380000 -164950.4461 303.4538 610548.1300
2385000 -165083.8745 300.5467 611541.1811
2390000 -164642.1351 303.5586 613311.8933
2395000 -164925.1685 304.5964 612354.5032
2400000 -165201.7307 301.7482 610104.4338
2405000 -164709.8728 303.7261 610542.1973
2410000 -165301.6221 301.7995 610511.9991
2415000 -165177.1900 302.0213 609456.2939
2420000 -164887.3838 301.4461 612254.1183
2425000 -165229.7727 302.0350 610788.7035
2430000 -165355.7270 300.5799 608786.3263
2435000 -165397.3850 301.2056 609781.4018
2440000 -165467.7909 302.3392 610031.6998
2445000 -164826.2816 302.7619 610430.9483
2450000 -165460.5972 301.4293 609724.0743
2455000 -165184.7699 301.2992 610946.2264
2460000 -164850.9436 303.3622 609916.5450
2465000 -164629.0924 304.2541 610218.0840
2470000 -165119.1741 300.7829 609548.0666
2475000 -165500.9012 300.1209 609992.4676
2480000 -165403.4220 300.3108 609015.0031
2485000 -165054.4278 300.0839 610590.5254
2490000 -164757.6945 301.6347 612674.5858
2495000 -164435.8579 301.7759 612022.9257
2500000 -165134.2704 301.2714 609896.1001
3000000 -165136.7448 301.2515 609896.1001
3005000 -165128.2468 301.9164 611246.9830
3010000 -164966.2617 302.0923 611007.1265
3015000 -164725.9229 303.1381 610862.0962
3020000 -164672.9402 302.1035 611281.3331
3025000 -164736.7149 303.3814 610404.6502
3030000 -165042.4051 301.3072 611488.0510
3035000 -165034.0690 302.1469 610770.3639
3040000 -164625.9832 303.4267 611199.6716
3045000 -165163.9547 300.9205 610954.5150
3050000 -164947.6907 304.0775 611235.0978
3055000 -165061.5767 302.0117 610206.1426
3060000 -164891.7259 301.7268 610504.9595
3065000 -164864.5305 301.6635 609226.8586
3070000 -164979.8392 302.2638 610849.7063
3075000 -164876.0940 301.8967 608939.7343
3080000 -164953.2355 302.1107 610602.0672
3085000 -164864.2000 302.3323 611595.4462
3090000 -164735.3827 302.6359 611853.2633
3095000 -164840.2542 303.1683 610701.6650
3100000 -164945.5906 303.3103 608952.7275
3105000 -164928.5738 302.7527 609296.7621
3110000 -164661.4581 303.4812 611955.1932
3115000 -164717.3844 303.8022 611405.4340
3120000 -164947.6404 304.1802 613274.8317
3125000 -165036.4179 302.1954 610763.0718
3130000 -165190.4696 303.5441 609296.6800
3135000 -164994.9347 301.6341 610555.5878
3140000 -165187.7834 300.4751 612110.3712
3145000 -165041.4280 301.5307 611025.0951
3150000 -165371.1112 301.6459 609824.7074
3155000 -164811.3901 302.8626 608793.5072
3160000 -165294.5747 299.8367 611018.9042
3165000 -165236.6687 301.7385 609649.1563
3170000 -165195.0972 302.0637 609786.8759
3175000 -164920.2177 300.3373 610782.5856
3180000 -164586.7909 304.2619 610723.3967
3185000 -164654.2877 302.6056 611505.8838
3190000 -164967.9577 301.9629 611035.2067
3195000 -164995.2776 302.5851 612572.3655
3200000 -165104.5607 302.9454 611333.5999
3205000 -165192.7243 302.5437 609749.9073
3210000 -165053.8502 303.6332 609730.4132
3215000 -165483.6692 299.7086 610762.6495
3220000 -164418.8225 305.4377 612367.6848
3225000 -165025.8533 302.1531 611637.0547
3230000 -164967.1239 301.1040 612310.5690
3235000 -165264.9717 300.9868 609644.8125
3240000 -165343.1113 303.2868 610639.8925
3245000 -164890.7362 302.3683 610103.1847
3250000 -165215.7608 302.4751 610844.6673
3255000 -164825.2437 302.5652 612194.7350
3260000 -165055.7939 301.0327 611726.8904
3265000 -164668.9486 303.0101 612232.0926
3270000 -165265.2907 300.3992 609699.7022
3275000 -165539.5972 300.8840 612383.9530
3280000 -164838.1511 303.3829 613418.0551
3285000 -165107.7711 302.9011 611177.3984
3290000 -164955.7122 303.3340 611451.4041
3295000 -165455.4362 299.4273 611489.7891
3300000 -165085.1373 301.7370 609447.8961
3305000 -165317.6875 300.5749 610087.9095
3310000 -164792.7279 302.8439 611041.3722
3315000 -165417.8825 299.6801 610218.2901
3320000 -164884.6467 302.9301 611091.7839
3325000 -164676.3609 300.3364 611701.5783
3330000 -164835.6856 303.2451 612225.2836
3335000 -164844.6663 302.7898 611990.9533
3340000 -165054.3331 302.9764 609466.0432
3345000 -165038.4202 303.8148 610189.2445
3350000 -164850.4155 302.2971 613521.5473
3355000 -164959.6316 303.8075 609901.9657
3360000 -164831.3839 302.5274 611848.5868
3365000 -165527.0465 301.0674 611355.4518
3370000 -165200.2787 301.7577 610505.6284
3375000 -165158.3142 301.4395 611040.7026
3380000 -164917.3406 303.4208 610930.7968
3385000 -164786.5199 303.8469 612230.5088
3390000 -165258.7483 300.1919 609040.1686
3395000 -164789.4694 304.0372 611194.6511
3400000 -164902.1253 304.0633 612499.2515
3405000 -164910.9389 300.2906 611645.1232
3410000 -165168.8628 301.8375 610908.5756
3415000 -165080.7075 302.1819 610727.6031
3420000 -165044.6284 301.8440 612442.5127
3425000 -164437.0306 303.7229 611538.5298
3430000 -164928.5657 302.6348 610773.1472
3435000 -164767.9471 302.2836 611546.4078
3440000 -165071.0500 302.0259 609915.0465
3445000 -164735.8551 303.6244 609115.4045
3450000 -164943.1798 302.5062 609797.4229
3455000 -164634.9740 302.4858 609806.2649
3460000 -165012.4295 302.5914 610177.2334
3465000 -165206.0232 301.5085 611097.9977
3470000 -164631.4609 302.4606 611324.7338
3475000 -164845.6552 301.8501 610752.2965
3480000 -165311.0797 302.5000 611279.3265
3485000 -165187.4932 302.9561 609597.7269
3490000 -164946.0799 302.4202 612204.4516
3495000 -165133.2425 302.2110 612038.4925
3500000 -165321.2934 300.7878 611297.2895
4000000 -165323.1485 300.7728 611297.2895
4005000 -165334.0501 303.3339 609467.1735
4010000 -164798.3430 303.3065 612708.8464
4015000 -164908.5828 304.5099 609562.6249
4020000 -165111.5586 302.6534 610127.7054
4025000 -164820.4905 302.4799 612716.1633
4030000 -164492.6591 303.5122 610871.5962
4035000 -165281.5006 301.5006 610125.1630
4040000 -165095.6896 303.4728 609490.2221
4045000 -165106.6670 302.5292 608617.3442
4050000 -165308.6796 301.9158 611206.8885
4055000 -165347.6802 302.4336 610518.8239
4060000 -165013.9053 303.0620 610780.4229
4065000 -164849.7530 302.6097 610954.1921
4070000 -164849.8054 302.4317 611381.3986
4075000 -164746.1290 303.4618 613708.1100
4080000 -164828.8262 303.3589 611176.5905
4085000 -165182.6196 301.7687 613311.8228
4090000 -165457.8439 302.3263 611284.5100
4095000 -164745.5845 303.3512 610436.2059
4100000 -165134.6173 302.2431 610487.0270
4105000 -164810.1335 303.7247 611587.0257
4110000 -164330.2184 303.8863 611178.1919
4115000 -164817.9396 302.2875 611865.5561
4120000 -165329.9326 301.7144 610146.0689
4125000 -164997.3592 302.4793 612023.2702
4130000 -165496.0748 302.1203 609133.2420
4135000 -165234.6024 301.0158 612144.4202
4140000 -165054.5676 304.0704 611327.1962
4145000 -165106.9833 301.0026 611197.3045
4150000 -164354.0043 303.0992 611460.8314
4155000 -165043.3718 299.9471 611533.5595
4160000 -164858.5753 302.6559 610774.6072
4165000 -164713.4322 303.1933 610096.7976
4170000 -164850.2191 303.9938 611382.3576
4175000 -164431.8454 303.4174 612223.7613
4180000 -164972.3293 300.7331 612120.1193
4185000 -164814.3739 302.6254 611723.2578
4190000 -165429.4561 300.8389 611047.2131
4195000 -164727.8121 302.6471 610897.2097
4200000 -164623.2668 304.2443 610627.3716
4205000 -165159.0629 302.3065 609857.7462
4210000 -165155.9648 301.6293 610421.5552
4215000 -165226.0996 301.9409 610608.8534
4220000 -165225.8492 302.7815 610424.2461
4225000 -164976.8331 302.6038 610355.2606
4230000 -165191.7665 302.5199 610506.3528
4235000 -164630.1757 302.0739 611051.5070
4240000 -165121.5631 302.2864 612250.2748
4245000 -164971.8880 300.7679 613671.4930
4250000 -165212.4219 301.3054 611717.4004
4255000 -164692.4931 304.8074 611686.1195
4260000 -165277.7211 302.0118 610316.3800
4265000 -165310.5763 301.7055 609419.8522
4270000 -164876.1352 303.1559 612260.8521
4275000 -165154.2777 302.4136 609955.7369
4280000 -165092.8570 301.3228 611393.6660
4285000 -164505.3305 302.3407 611449.3047
4290000 -164893.6876 304.3437 610325.5818
4295000 -165087.3725 301.5246 610487.2560
4300000 -165331.7272 301.4403 610076.2573
4305000 -164259.5364 303.6087 610093.9547
4310000 -165031.2986 300.1394 611574.9255
4315000 -164834.0609 304.4599 610246.3420
4320000 -164856.6673 301.6289 611662.3926
4325000 -164791.9226 303.4104 610941.6188
4330000 -165018.1616 304.2064 612802.0925
4335000 -165351.3141 300.2877 611928.8893
4340000 -164718.2939 303.4738 612201.2598
4345000 -164778.5646 304.1301 609722.1553
4350000 -165651.5174 301.2067 609626.8338
4355000 -164942.1425 303.3954 610627.5193
4360000 -164740.8034 303.0335 612459.1402
4365000 -164832.6377 303.6735 609944.4735
4370000 -164890.0866 302.4145 611793.9329
4375000 -165215.4579 301.6005 609394.1937
4380000 -164928.5649 300.4494 612287.9917
4385000 -164894.5972 300.3936 613046.2338
4390000 -165079.3621 302.8528 610129.9474
4395000 -165143.6773 301.8681 611551.9234
4400000 -165073.0055 302.4059 611493.8699
4405000 -164992.1453 302.8463 610466.6495
4410000 -164451.7453 305.2967 611285.2092
4415000 -164889.2778 302.9266 610544.9346
4420000 -164531.2877 301.3342 612596.8492
4425000 -165250.7512 301.3490 610319.4824
4430000 -164804.3731 303.7630 608901.4516
4435000 -164636.5821 304.1979 611268.6843
4440000 -164982.9857 303.2528 611324.9926
4445000 -165221.7284 301.6786 610431.6991
4450000 -164777.2917 303.9884 612422.7649
4455000 -165113.8905 301.6401 610976.2710
4460000 -165252.7072 300.4209 611504.1347
4465000 -165003.9685 304.1378 610321.1057
4470000 -165282.0235 301.5208 609374.3326
4475000 -164736.1630 304.4718 612124.8223
4480000 -165265.3421 302.0786 609454.9471
4485000 -165117.3323 300.5430 610743.6564
4490000 -165219.0056 301.6843 612603.4750
4495000 -164924.9707 301.1643 612230.9354
4500000 -164938.6482 301.8316 612787.6301
5000000 -164940.9806 301.8129 612787.6301
5005000 -165416.8875 299.8779 609994.5546
5010000 -164879.8277 303.2447 611768.4346
5015000 -165127.2413 303.3723 610735.1720
5020000 -164591.3980 303.4548 612084.0308
5025000 -164680.9886 302.8114 612393.8987
5030000 -165407.4456 302.6405 612390.2494
5035000 -164641.9920 305.3039 611174.6165
5040000 -165352.4449 301.8158 612333.1601
5045000 -164789.4672 303.7207 610972.2155
5050000 -164650.6769 305.6556 611382.3412
5055000 -165240.1258 302.6150 609331.5749
5060000 -164738.2943 302.7317 611681.2034
5065000 -165009.4155 302.6089 612009.0291
5070000 -164846.5048 303.6935 611548.0659
5075000 -165298.1811 301.3425 611815.7778
5080000 -165229.0272 299.8581 611586.4105
5085000 -164927.1709 302.3136 612714.2846
5090000 -165686.8831 300.0271 610434.7429
5095000 -164848.8106 303.2328 611668.9930
5100000 -165043.2718 301.2463 610880.4988
5105000 -165188.5137 302.8784 611128.1741
5110000 -165081.3801 302.1185 610790.8066
5115000 -164986.7364 303.9540 610341.0001
5120000 -164568.9990 306.3742 610324.7105
5125000 -164842.8383 301.2029 611812.8824
5130000 -164607.9501 303.6521 612857.8429
5135000 -165155.5007 302.1930 608952.5793
5140000 -164720.4859 301.7224 611534.5860
5145000 -164701.9309 302.8625 610589.3402
5150000 -165007.9510 303.5318 610858.5057
5155000 -165129.6379 303.2821 609863.8267
5160000 -164887.1599 302.4261 610776.9110
5165000 -165192.7682 303.1494 610036.3183
5170000 -165130.6328 301.7663 610549.0739
5175000 -164916.2221 301.4170 610374.2656
5180000 -164831.3923 303.2894 610684.0899
5185000 -165072.5640 303.0351 610252.0440
5190000 -165093.8462 302.1362 608863.4166
5195000 -164942.3632 301.1954 612916.6235
5200000 -165169.7087 302.7846 611101.8798
5205000 -165285.3073 301.7056 610352.2288
5210000 -165112.0205 302.8382 610239.2244
5215000 -165171.9276 302.8756 611087.9488
5220000 -165169.0224 303.8116 609717.7502
5225000 -164934.5257 303.1586 610268.2632
5230000 -165042.1175 300.7826 611416.8175
5235000 -164536.1141 304.7143 609485.2122
5240000 -165425.0179 299.4322 609832.7416
5245000 -165077.8199 303.2573 610463.0072
5250000 -164739.0466 304.4900 612226.3608
5255000 -164664.0525 303.0243 613048.6044
5260000 -165112.9036 302.3986 610291.2960
5265000 -164945.7791 302.8121 611325.3420
5270000 -164980.6001 301.6311 610536.0963
5275000 -164976.8287 302.5666 610192.4689
5280000 -165568.1281 300.6213 612081.1828
5285000 -164696.8610 304.0758 610313.7143
5290000 -164844.0953 302.6711 610857.9217
5295000 -164857.2416 301.2138 610130.0015
5300000 -164924.9398 303.7173 610165.8478
5305000 -164949.8058 302.7836 612396.8520
5310000 -164942.4512 302.0041 609786.5525
5315000 -165003.4400 302.2803 611403.6645
5320000 -164829.3163 301.8828 611568.9102
5325000 -164837.0417 303.2464 611335.6908
5330000 -164731.0563 302.2415 612722.7763
5335000 -164977.3002 303.4167 612075.9588
5340000 -165205.1944 300.0399 613027.3228
5345000 -165175.5161 301.7254 611027.3220
5350000 -164649.2257 304.8402 611629.5689
5355000 -164898.0324 302.8079 610844.2563
5360000 -165155.0323 302.7390 609802.6138
5365000 -165115.3871 303.5914 608731.5156
5370000 -165225.6336 301.5069 610983.8527
5375000 -165056.1028 301.7431 611336.6073
5380000 -164670.2036 303.5088 609546.4721
5385000 -164792.4065 304.0227 611741.1463
5390000 -164696.3893 304.5377 609323.8654
5395000 -165416.2429 300.8002 610345.1766
5400000 -164845.1722 302.2470 611807.2877
5405000 -165635.9642 301.0871 610045.2088
5410000 -164892.1120 302.5943 611284.8078
5415000 -164875.4610 303.1001 608068.7885
5420000 -165190.4137 303.3538 611194.2167
5425000 -165225.4071 303.4877 609065.3002
5430000 -165510.5930 301.2487 610860.1319
5435000 -165122.6112 300.9377 609693.4450
5440000 -165350.4036 303.1029 610483.6181
5445000 -165360.5211 301.4326 610547.5560
5450000 -164958.5502 301.9783 609095.5331
5455000 -165087.1377 299.3178 612705.4393
5460000 -164844.5542 302.1421 609264.7477
5465000 -165013.9979 301.5891 610419.8009
5470000 -164620.5115 301.9244 613118.6827
5475000 -165278.6387 300.6217 611455.5172
5480000 -164887.8033 303.9431 610309.6056
5485000 -165017.4047 303.2525 610642.0099
5490000 -164697.8547 302.3630 612548.5698
5495000 -164786.6285 303.9666 609828.4455
5500000 -165158.3892 301.9851 611412.3399
6000000 -165159.5671 301.9756 611412.3399
6005000 -164892.6311 304.1440 611063.3455
6010000 -165239.5643 299.9456 610258.3883
6015000 -165060.7443 301.4428 612680.0478
6020000 -164901.1106 304.5230 610454.2308
6025000 -165409.5724 301.1409 610533.2356
6030000 -165373.3015 300.6829 609883.4466
6035000 -165371.0518 302.1842 612399.5762
6040000 -165153.5429 302.6884 611130.7877
6045000 -165027.5515 303.0315 611095.6762
6050000 -164766.0332 304.5607 611055.3583
6055000 -164598.8677 303.6644 609788.2349
6060000 -164904.5298 303.8612 610027.7263
6065000 -165043.7713 300.7819 611870.7499
6070000 -165119.0689 301.8275 610983.4763
6075000 -165179.4226 302.9327 610506.9463
6080000 -165009.0097 299.9468 613100.4636
6085000 -164962.7726 302.7642 610945.2552
6090000 -164862.4430 302.6858 611124.4386
6095000 -164642.9134 303.9309 610962.6713
6100000 -164871.2899 301.6556 610853.4073
6105000 -164882.8683 302.3789 609107.5048
6110000 -165313.4792 299.9344 611436.1987
6115000 -164805.0877 301.7657 612146.5041
6120000 -164899.9180 303.9000 612376.2894
6125000 -165162.7284 302.7148 609352.9345
6130000 -165210.2765 302.2527 610038.3463
6135000 -165193.8928 301.7297 611287.1573
6140000 -165124.5087 301.9341 613024.1357
6145000 -164612.3256 304.8088 611081.1897
6150000 -165237.1534 302.1310 609874.9402
6155000 -165258.3934 303.2065 609643.5453
6160000 -165202.1778 301.7843 610689.5601
6165000 -165081.1436 302.2599 609579.1797
6170000 -164827.7489 302.7141 612772.8873
6175000 -165158.0125 301.6871 613588.2567
6180000 -165009.4874 302.2276 611578.6769
6185000 -164899.7879 304.0016 610326.3294
6190000 -164647.5558 304.2855 611973.0851
6195000 -164778.6869 303.2547 611302.3169
6200000 -164836.2717 303.4196 609950.1213
6205000 -165250.5358 303.0713 610567.8108
6210000 -164843.2441 303.3695 611185.3048
6215000 -164837.9521 303.0180 611152.2114
6220000 -165174.5897 302.8357 609544.6162
6225000 -165458.5313 300.9393 609191.5813
6230000 -164951.6760 302.1181 611509.5939
6235000 -165110.1347 301.2183 611454.7600
6240000 -165119.2852 302.3438 610855.5548
6245000 -165114.6635 300.6287 611855.7557
6250000 -165633.6677 300.1344 611011.0246
6255000 -165275.0754 300.9444 611846.4432
6260000 -164935.4786 301.6479 612019.3168
6265000 -165016.2209 302.8191 610101.3339
6270000 -165072.3265 303.5094 608847.0143
6275000 -164918.6356 302.5762 609798.9363
6280000 -164830.2948 304.7032 610743.5128
6285000 -164501.4447 303.5689 612693.2769
6290000 -164677.5518 302.3193 610979.1500
6295000 -165205.4874 301.2876 611259.2321
6300000 -165161.4233 302.6537 611536.9839
6305000 -164868.4429 303.9582 611167.3659
6310000 -165365.8926 299.7931 610629.2446
6315000 -165011.9672 300.9689 610814.1607
6320000 -164646.9288 303.8248 611556.9861
6325000 -164903.2066 303.3733 610405.7270
6330000 -164983.0645 301.7102 610558.8286
6335000 -165119.8788 300.4669 608468.2111
6340000 -165013.0017 300.8805 612415.6886
6345000 -165572.8697 300.3483 608499.8980
6350000 -164939.9380 303.8881 612123.6844
6355000 -165070.4337 302.2337 611204.6791
6360000 -165113.8606 301.5778 611726.8266
6365000 -165194.5559 302.6351 609632.8018
6370000 -164988.8889 303.9858 611202.4573
6375000 -165255.0726 301.8298 610592.2735
6380000 -165168.4872 303.8745 612772.0358
6385000 -164904.6864 301.8472 611852.1485
6390000 -165145.2136 303.0559 611663.7816
6395000 -165563.8654 301.1010 607838.2632
6400000 -164872.0561 303.4529 611506.0980
6405000 -164608.3498 303.8865 611325.9018
6410000 -165244.4636 301.9131 609203.5005
6415000 -164977.0802 300.3045 610987.0028
6420000 -164610.1412 304.8180 610834.1951
6425000 -165169.6886 300.6809 610978.2277
6430000 -164858.0910 301.8807 610728.7679
6435000 -164832.1530 301.6092 613303.4902
6440000 -164870.2555 303.4422 611064.4775
6445000 -164753.2515 303.9999 611259.1489
6450000 -164995.8759 302.9066 611054.3211
6455000 -165341.7352 301.1918 609693.0330
6460000 -165072.6446 302.0581 611746.4871
6465000 -165212.4971 299.7390 611970.3357
6470000 -165464.4804 301.6120 611592.9271
6475000 -164663.3447 302.1306 613006.1701
6480000 -164776.0935 305.0627 609503.7438
6485000 -165145.8115 302.8728 610936.0920
6490000 -164962.8657 301.3782 609310.6384
6495000 -165292.7138 302.0812 611358.4691
6500000 -165122.4477 301.8904 610854.2746
7000000 -165127.1928 301.8523 610854.2746
7005000 -165550.3769 301.4430 611184.2869
7010000 -165122.4065 300.7949 612185.3775
7015000 -165215.8437 303.5979 611770.7772
7020000 -165087.7712 301.0750 611463.4884
7025000 -164745.4451 302.4184 611854.7544
7030000 -164980.8318 302.3313 611744.6072
7035000 -165178.6338 301.3633 610446.7590
7040000 -165256.7469 302.0958 611505.0850
7045000 -164932.8151 303.1740 611022.7190
7050000 -165119.9331 302.0012 609679.5994
7055000 -165034.3030 301.1888 612463.2059
7060000 -165054.5613 304.1596 610911.3997
7065000 -165331.6237 302.8495 608374.4277
7070000 -165686.9122 298.8344 610715.8362
7075000 -164609.1041 304.9788 609617.6116
7080000 -165004.3941 301.9160 611555.2736
7085000 -164715.7890 303.3044 612355.2349
7090000 -164465.8288 304.0589 609769.3616
7095000 -164680.3208 304.1646 610906.8346
7100000 -165063.8376 301.8693 613016.3697
7105000 -165283.5893 302.3054 609246.5091
7110000 -165282.9170 301.7105 610480.4484
7115000 -165031.4434 301.5978 608518.5059
7120000 -164953.0231 303.1519 609486.2580
7125000 -165460.5103 299.7964 609857.8496
7130000 -164921.7422 301.8306 609806.0379
7135000 -164659.9602 304.8851 610476.9493
7140000 -165541.8156 300.4248 607866.5649
7145000 -165309.0768 302.4956 612009.1202
7150000 -164678.2835 302.0523 611393.0161
7155000 -165281.8950 301.2734 612072.1814
7160000 -165013.3730 302.5532 611544.6899
7165000 -164790.9603 302.7592 611271.9043
7170000 -165557.3448 302.0848 609183.0746
7175000 -164447.5165 304.2368 610965.1173
7180000 -164833.3538 301.9798 610351.4088
7185000 -164566.4321 303.7782 610128.6618
7190000 -165138.4195 302.0406 612539.7968
7195000 -164681.9902 302.7733 611120.3462
7200000 -166061.7651 300.3228 608258.5323
7205000 -164981.3187 302.2992 611408.1447
7210000 -165174.9663 301.2584 610848.4607
7215000 -164738.1064 303.4697 609116.8208
7220000 -165084.0280 301.7627 610844.8044
7225000 -164770.6892 302.9753 611325.4632
7230000 -164946.5037 303.4500 613587.8219
7235000 -165499.6057 302.8784 610513.4629
7240000 -164860.6880 302.2177 611217.0996
7245000 -164971.4271 303.1343 611390.1031
7250000 -164890.7117 302.7507 609910.9174
7255000 -165330.7663 301.8148 608119.7675
7260000 -165487.3368 301.3267 610222.7464
7265000 -165097.7835 302.4690 609377.2487
7270000 -165220.2402 301.7788 610846.9235
7275000 -164753.2560 302.6669 611729.0121
7280000 -164776.2477 303.7598 610828.4060
7285000 -164598.1748 302.6250 612060.9013
7290000 -164933.5197 303.0639 610796.8851
7295000 -164609.1564 302.9641 610963.2087
7300000 -164919.7027 300.9824 610644.7401
7305000 -164939.5068 303.3339 609783.0658
7310000 -165260.5056 300.5326 612651.4291
7315000 -164857.3017 301.7036 610501.6834
7320000 -164745.3245 302.2517 612237.4343
7325000 -165640.7388 299.9527 609850.4316
7330000 -164810.8099 301.4798 609741.2975
7335000 -165203.3249 301.3249 610564.5234
7340000 -165092.5817 303.9926 610206.8508
7345000 -164951.4290 304.5614 610735.3672
7350000 -165098.1809 302.2246 610544.0154
7355000 -164822.1874 301.5467 609362.5518
7360000 -164967.1747 300.6773 611616.8772
7365000 -164882.4849 300.3796 612072.0163
7370000 -164735.9668 302.6893 610455.0386
7375000 -164783.0984 301.8579 611102.1388
7380000 -165258.3012 300.4113 612929.3649
7385000 -165158.3603 301.1057 609459.3046
7390000 -164904.8644 302.9943 611145.0007
7395000 -164642.5192 304.2894 612377.3325
7400000 -165111.0785 302.2954 611932.4518
7405000 -165337.5298 301.0967 612626.1057
7410000 -164711.5995 302.7316 612928.4018
7415000 -165046.7453 302.8483 610087.7420
7420000 -164944.9694 302.1477 611786.2329
7425000 -164821.5357 304.4682 611978.2970
7430000 -165006.9069 302.8009 610982.2117
7435000 -165044.4244 302.8754 609896.5536
7440000 -165211.5976 303.0028 611677.8231
7445000 -165044.7280 302.4391 610578.0138
7450000 -165025.9578 303.0099 612966.8469
7455000 -164746.1989 302.4898 612260.2472
7460000 -164579.4835 303.7643 612715.1612
7465000 -165042.2459 303.9133 610580.8199
7470000 -164542.9886 303.5513 611453.9591
7475000 -165227.9917 301.6794 611046.3381
7480000 -165392.1174 301.9006 609193.1295
7485000 -165101.2366 301.9483 609989.8046
7490000 -164941.0231 302.6759 612876.9246
7495000 -164931.3325 302.7770 611487.0631
7500000 -165139.0581 301.5932 612563.2351
8000000 -165141.8233 301.5711 612563.2351
8005000 -165351.1119 302.2329 609982.2436
8010000 -164819.6237 303.7013 611252.1158
8015000 -164716.9932 304.1348 613193.9322
8020000 -164830.4560 303.6342 612449.5021
8025000 -165235.4912 299.7862 610350.9020
8030000 -164980.9280 303.7414 610820.8302
8035000 -165072.6857 303.4382 608973.4273
8040000 -164709.9698 302.9888 611825.0911
8045000 -165114.6475 302.1557 610053.3281
8050000 -164859.8131 304.0646 610558.5963
8055000 -164998.0976 301.6903 611131.3661
8060000 -165023.1684 303.8524 612779.6703
8065000 -164865.1327 303.1327 612546.5713
8070000 -165219.4551 300.9349 611471.0566
8075000 -165199.8512 302.7472 610464.0578
8080000 -164898.2367 304.3421 611234.1853
8085000 -164421.7765 304.4059 611428.6320
8090000 -165124.6481 301.0404 610943.3380
8095000 -165423.0664 301.8499 610337.8194
8100000 -164871.4535 301.9952 612870.3811
8105000 -164680.9663 303.1044 609181.6142
8110000 -164907.2915 303.1340 609968.0562
8115000 -164913.6510 301.6699 610578.6840
8120000 -164670.2436 301.9884 613708.4146
8125000 -165188.3748 302.1730 611573.7665
8130000 -165283.2938 301.6592 611321.4084
8135000 -164746.4910 303.4482 610361.0334
8140000 -165094.2576 303.0416 610701.7768
8145000 -164827.0824 304.1778 610079.7692
8150000 -165580.5009 301.3044 609957.4270
8155000 -165012.7676 304.3603 611234.7463
8160000 -165049.2834 301.7068 611541.4047
8165000 -164982.5914 303.6006 609951.0094
8170000 -165060.9560 302.2799 612608.3654
8175000 -165506.2026 302.4272 608782.5380
8180000 -164931.9197 302.0080 610992.6588
8185000 -164769.6430 303.0580 610977.8749
8190000 -164848.2327 301.5655 611210.4820
8195000 -164931.7186 303.0757 609256.1397
8200000 -164979.9750 302.9048 611375.1110
8205000 -164847.8013 303.8160 611473.5690
8210000 -164659.9807 303.8990 612862.8719
8215000 -165182.9958 300.3536 612551.6270
8220000 -164869.8311 302.1625 609759.1761
8225000 -165510.6358 299.8700 611700.6855
8230000 -165070.8890 303.5563 609824.0507
8235000 -165115.7935 300.7217 610638.9329
8240000 -164880.9976 302.3764 613360.1321
8245000 -164849.8705 303.5403 611396.5579
8250000 -165042.2863 303.4968 610125.6719
8255000 -165056.4212 302.8020 610401.2366
8260000 -165542.0688 301.3127 609720.2387
8265000 -165201.9207 302.2852 609428.9477
8270000 -164681.7918 303.0537 611583.3301
8275000 -165262.0726 300.6090 611376.5938
8280000 -165661.4928 299.1092 611407.9309
8285000 -164981.1839 300.9785 612011.8646
8290000 -165571.9602 301.2104 611262.4768
8295000 -165255.7766 302.8616 609908.0008
8300000 -164848.5823 302.0737 611139.8215
8305000 -164897.4722 303.6470 610262.7306
8310000 -164816.5307 302.2069 609947.0069
8315000 -164894.4839 302.5288 609985.5394
8320000 -165144.4472 301.6097 612483.2952
8325000 -164880.3500 302.8001 611687.0111
8330000 -165103.0135 302.0181 609464.3485
8335000 -164991.3458 304.0928 610240.9192
8340000 -164831.7458 301.9668 608953.5098
8345000 -164513.0156 305.2951 611065.8520
8350000 -164866.7695 303.0222 611223.7839
8355000 -165268.3482 301.4260 611142.0402
8360000 -164766.2672 304.0320 611125.8891
8365000 -165378.1047 301.1043 610544.3161
8370000 -164886.8206 303.6259 613203.7708
8375000 -164901.7695 302.9381 611115.9775
8380000 -165088.1045 303.0732 609597.3366
8385000 -165080.0516 302.1316 610619.8103
8390000 -164787.3773 302.4931 610700.0399
8395000 -164347.4431 304.7602 611179.1251
8400000 -165349.9406 302.6032 610325.4377
8405000 -164889.7044 303.4942 612545.3409
8410000 -165066.3841 300.2309 610979.2033
8415000 -165191.7781 303.2544 610346.8109
8420000 -164926.2433 303.9845 611078.9866
8425000 -164778.6672 302.2377 611769.2410
8430000 -164877.0585 303.9311 609566.5764
8435000 -165289.1705 302.1934 607534.9291
8440000 -164952.8059 300.7716 611356.3218
8445000 -164961.6724 302.0716 611585.4944
8450000 -165010.2925 303.5663 609182.6418
8455000 -164638.1255 303.3674 612162.2046
8460000 -165133.7153 302.5635 609686.1733
8465000 -164924.7299 303.6234 610169.0036
8470000 -165194.3176 302.8961 610604.0162
8475000 -165246.4452 301.1361 610621.6836
8480000 -165084.8935 302.4652 611982.8822
8485000 -165118.6309 301.8046 612277.4353
8490000 -165403.3002 301.9504 608716.4396
8495000 -164865.2537 301.4001 613812.5684
8500000 -164951.3004 302.6562 609349.5630
9000000 -164953.1112 302.6416 609349.5630
9005000 -164939.3398 303.9095 612228.5867
9010000 -164635.1903 305.6874 611115.9233
9015000 -164963.2856 302.4306 612325.5508
9020000 -164959.8183 302.1048 613469.2460
9025000 -164806.6655 302.9999 610938.0621
9030000 -165011.9687 301.6145 610656.5955
9035000 -165105.9052 301.3994 610160.7042
9040000 -165132.8749 301.5720 610502.4456
9045000 -164988.9998 303.0687 610390.8027
9050000 -165299.8371 301.0669 610693.2266
9055000 -165131.3022 301.1979 611430.4084
9060000 -165195.4279 301.6917 610539.4879
9065000 -165187.1440 301.6577 611553.2511
9070000 -165109.5220 300.6503 612348.7432
9075000 -165246.1162 301.5378 610971.5609
9080000 -165074.6018 302.2773 609039.4974
9085000 -164799.8003 301.1139 610265.2351
9090000 -165086.4694 303.2539 610941.3429
9095000 -165399.7712 301.7299 609936.3036
9100000 -165419.7402 300.8047 610501.6956
9105000 -165264.3006 302.4696 609432.0333
9110000 -164964.1565 302.7301 609997.6095
9115000 -165286.0607 302.4945 610489.1612
9120000 -164523.7053 304.0647 613023.1938
9125000 -164935.5426 301.0330 611012.1600
9130000 -164871.6515 302.9707 611883.8753
9135000 -165330.9985 303.4337 610173.2891
9140000 -164931.4379 303.0575 612625.3397
9145000 -165210.4103 303.5289 609134.1264
9150000 -164570.0964 302.6158 611274.9219
9155000 -164999.3595 302.6970 612119.5831
9160000 -165058.8604 301.5034 611073.5284
9165000 -165497.7901 301.1603 610163.6890
9170000 -164818.3793 302.2533 611359.2221
9175000 -165023.6559 303.1290 611298.2450
9180000 -164972.0346 302.4467 610415.5495
9185000 -165172.6778 302.0415 611519.6757
9190000 -164777.9550 302.5850 611036.6509
9195000 -165192.4458 303.3990 609888.6061
9200000 -164792.0615 303.0898 613432.9736
9205000 -164891.5746 303.3222 612113.9442
9210000 -165468.0750 300.8508 610580.9613
9215000 -164886.5957 301.6363 612574.4860
9220000 -165376.2082 301.3939 609237.7813
9225000 -165114.0600 301.4060 610657.7522
9230000 -164721.0260 302.8792 609710.1817
9235000 -164866.9887 302.6737 612117.0042
9240000 -164745.5551 303.0712 611534.5487
9245000 -164666.6705 303.7394 611382.1135
9250000 -164889.5542 303.2067 612381.6381
9255000 -165711.4355 299.7086 609573.5794
9260000 -165057.0784 300.1866 611526.6141
9265000 -164745.0861 302.6823 610086.9098
9270000 -164969.9802 302.4814 610358.2746
9275000 -165134.4568 300.3842 610004.6404
9280000 -165229.0556 299.9832 611442.0405
9285000 -165136.2285 301.7495 609743.2195
9290000 -165377.1261 300.8728 610550.3536
9295000 -164552.4285 303.3735 611917.3370
9300000 -164899.1019 303.0558 609945.6005
9305000 -165181.9369 302.0205 610335.4969
9310000 -165363.8591 301.0671 611634.6492
9315000 -165470.9787 300.1839 610296.9230
9320000 -164979.6112 302.7008 612018.5637
9325000 -164800.1066 301.2816 612052.6214
9330000 -164916.5447 302.7835 613666.7026
9335000 -165115.1687 302.2652 613382.5147
9340000 -164811.1203 303.8732 611694.2513
9345000 -164747.5665 304.0981 611303.1658
9350000 -165004.7725 303.1610 612678.4165
9355000 -165317.2410 300.8230 611486.1408
9360000 -165150.1155 302.5572 612298.1233
9365000 -165341.2355 301.0957 610610.9694
9370000 -165076.6980 303.4913 611169.4186
9375000 -164903.0656 303.6448 611704.1345
9380000 -165327.0095 302.2804 611710.4954
9385000 -165252.9792 302.6777 609614.5376
9390000 -165166.1606 301.5045 611312.5855
9395000 -165103.8683 301.5649 611824.2678
9400000 -164884.3309 304.7838 609999.9804
9405000 -165248.7360 300.1765 609886.3099
9410000 -164920.9969 303.2633 612448.3642
9415000 -164828.9833 301.4588 612256.5794
9420000 -164865.5149 302.5833 609827.7309
9425000 -164641.3744 303.4723 611171.8092
9430000 -165011.5745 302.6494 610288.1801
9435000 -165024.0891 302.6455 611335.9916
9440000 -165101.1916 300.6626 611012.9001
9445000 -164710.4180 303.7778 612877.3380
9450000 -165294.7507 300.1036 610247.6650
9455000 -164441.0130 304.7152 610873.4078
9460000 -165094.0226 302.7687 609300.9993
9465000 -164685.7901 301.6237 612080.2523
9470000 -164866.2719 303.2351 610960.4706
9475000 -164718.5762 302.1496 610612.3861
9480000 -165213.8015 301.6666 610432.4924
9485000 -164834.5333 304.2588 612342.9470
9490000 -164902.5212 300.5588 613201.3243
9495000 -165209.2089 301.9223 608131.9160
9500000 -165080.4567 300.4354 610043.9594
